0.03510785102844238 0.03510332107543945 1
0.07041192054748535 0.03526663780212402 2
0.1059727668762207 0.035516977310180664 3
0.14144635200500488 0.03543543815612793 4
0.1768476963043213 0.03536558151245117 5
0.2120356559753418 0.03513765335083008 6
0.2479569911956787 0.035828351974487305 7
0.28271937370300293 0.03470349311828613 8
0.319535493850708 0.03677964210510254 9
0.3587064743041992 0.03913426399230957 10
0.3977024555206299 0.03895974159240723 11
0.434567928314209 0.03682708740234375 12
0.47205209732055664 0.03743290901184082 13
0.5097870826721191 0.03769636154174805 14
0.5462377071380615 0.03641390800476074 15
0.5833234786987305 0.0370488166809082 16
0.6200103759765625 0.036650896072387695 17
0.6556484699249268 0.03560161590576172 18
0.6927752494812012 0.03709006309509277 19
0.7301008701324463 0.037284135818481445 20
0.7663991451263428 0.03625130653381348 21
0.803708553314209 0.037273406982421875 22
0.8388645648956299 0.0351104736328125 23
0.8722736835479736 0.033370256423950195 24
0.9056341648101807 0.033322811126708984 25
0.9389801025390625 0.03330874443054199 26
0.972273588180542 0.03325080871582031 27
1.0060038566589355 0.03369402885437012 28
1.039393663406372 0.033350229263305664 29
1.0729360580444336 0.03350257873535156 30
