0.038416385650634766 0.03841137886047363 1
0.07617354393005371 0.03770017623901367 2
0.10978412628173828 0.03357338905334473 3
0.14775443077087402 0.03793144226074219 4
0.18133926391601562 0.033548593521118164 5
0.2191164493560791 0.03773951530456543 6
0.25308966636657715 0.0339353084564209 7
0.2910294532775879 0.037899017333984375 8
0.3251192569732666 0.034052133560180664 9
0.3630080223083496 0.037848711013793945 10
0.39739274978637695 0.0343475341796875 11
0.43510890007019043 0.03767800331115723 12
0.4687352180480957 0.03358912467956543 13
0.5064139366149902 0.03764152526855469 14
0.5402131080627441 0.03376269340515137 15
0.5780332088470459 0.03778266906738281 16
0.6115930080413818 0.03352165222167969 17
0.649559497833252 0.03792977333068848 18
0.6832420825958252 0.033646345138549805 19
0.7212960720062256 0.03801560401916504 20
0.7548954486846924 0.03356122970581055 21
0.7928800582885742 0.03794717788696289 22
0.826594352722168 0.03367877006530762 23
0.8644547462463379 0.037821292877197266 24
0.8980903625488281 0.033597707748413086 25
0.9358339309692383 0.03770589828491211 26
0.969388484954834 0.03351783752441406 27
1.007486343383789 0.03806114196777344 28
1.041435718536377 0.03391098976135254 29
1.0792787075042725 0.03780508041381836 30
