1671.179397999392 0.7060797214508057
1671.179397999392 0.9645447731018066
1671.179397999392 0.9855489730834961
1671.179397999392 1.0165469646453857
1666.7180481767273 1.0501298904418945
1664.9335082476616 1.0831339359283447
1668.5025881057932 1.1176884174346924
1664.9335082476616 1.150315761566162
1666.7180481767273 1.1823179721832275
1664.9335082476616 1.2163243293762207
1666.7180481767273 1.2493274211883545
1662.2566983540628 1.2833271026611328
1660.472158424997 1.3169126510620117
1666.7180481767273 1.3493168354034424
1666.7180481767273 1.383023977279663
1668.5025881057932 1.416956901550293
1671.179397999392 1.450298547744751
1664.9335082476616 1.4840667247772217
1677.4252877511221 1.5171527862548828
1680.9943676092537 1.5503427982330322
1666.7180481767273 1.5829854011535645
1671.179397999392 1.617041826248169
1668.5025881057932 1.649792194366455
1668.5025881057932 1.68379545211792
1666.7180481767273 1.7167973518371582
1671.179397999392 1.750800371170044
1666.7180481767273 1.7838029861450195
1668.5025881057932 1.8178048133850098
1668.5025881057932 1.8494725227355957
1668.5025881057932 1.8832416534423828
1664.9335082476616 1.916170358657837
1668.5025881057932 1.950517177581787
1668.5025881057932 1.9837791919708252
1668.5025881057932 2.017395257949829
1664.9335082476616 2.05056095123291
1666.7180481767273 2.083768844604492
1666.7180481767273 2.1172549724578857
1668.5025881057932 2.1505353450775146
1668.5025881057932 2.1835436820983887
1666.7180481767273 2.217381715774536
1668.5025881057932 2.2502567768096924
1668.5025881057932 2.2835772037506104
1668.5025881057932 2.3173437118530273
1666.7180481767273 2.3506875038146973
1671.179397999392 2.3850436210632324
1666.7180481767273 2.417551040649414
1671.179397999392 2.4505531787872314
1664.9335082476616 2.4835569858551025
1671.179397999392 2.516559362411499
1671.179397999392 2.551555871963501
1666.7180481767273 2.5846996307373047
1664.9335082476616 2.6190357208251953
1664.9335082476616 2.64982533454895
1671.179397999392 2.685171365737915
1666.7180481767273 2.717512369155884
1668.5025881057932 2.750861406326294
1664.9335082476616 2.7838127613067627
1662.2566983540628 2.8164072036743164
1668.5025881057932 2.851318120956421
1671.179397999392 2.883960485458374
1668.5025881057932 2.917604446411133
1668.5025881057932 2.95094633102417
1666.7180481767273 2.984302043914795
1664.9335082476616 3.016303539276123
1658.687618495931 3.0501723289489746
1680.9943676092537 3.0843398571014404
1707.762466545241 3.1166791915893555
1747.9146149492217 3.1510419845581055
1780.9286036369392 3.1843817234039307
1879.078299735559 3.2167322635650635
1892.4623492035525 3.2501256465911865
1857.6638205867694 3.28432559967041
1796.0971930339986 3.3176753520965576
1803.2353527502619 3.3520185947418213
1873.7246799483614 3.3843655586242676
1970.9821060824484 3.4177157878875732
2114.6375703722465 3.4510622024536133
2326.105551966545 3.4842617511749268
2606.278320829878 3.5172653198242188
2791.8704734527223 3.5512659549713135
2956.0481469267766 3.5834121704101562
2927.4955080617237 3.61641001701355
2934.6336677779873 3.6511476039886475
3054.197843025396 3.6841578483581543
3134.5021398333583 3.7189385890960693
3245.1436154354383 3.75192928314209
3109.5185808264364 3.7849795818328857
3150.5629991949504 3.8187484741210938
3327.2324521724654 3.850756883621216
3645.772829510713 3.8849027156829834
3692.1708676664243 3.9173545837402344
3837.6108718852884 3.951796054840088
3668.9718485885687 3.9848947525024414
3739.4611757866687 4.019904375076294
3692.1708676664243 4.055314064025879
3645.772829510713 4.09126615524292
3692.1708676664243 4.11841893196106
3443.2275475617434 4.1508893966674805
3515.501414688909 4.18489933013916
3354.8928210729855 4.218578338623047
3271.9117143714257 4.2514121532440186
3317.4174825626037 4.2849884033203125
3423.5976083420196 4.3179943561553955
3590.452091709673 4.352451324462891
3612.7588408229954 4.384793758392334
3645.772829510713 4.4187891483306885
3657.3723390496407 4.451493978500366
3546.7308634475608 4.484522581100464
3354.8928210729855 4.517488479614258
3345.970121427657 4.551540851593018
3327.2324521724654 4.5847837924957275
3354.8928210729855 4.616913795471191
3354.8928210729855 4.652580738067627
3403.967669122296 4.685581684112549
3484.271965930257 4.720757246017456
3443.2275475617434 4.751002788543701
3453.0425171716056 4.784005880355835
3623.4660803973907 4.818009376525879
3201.422387173326 4.851669788360596
3077.3968621032523 4.884536981582642
2956.0481469267766 4.918362140655518
2857.898450828157 4.951708793640137
2817.7463024241765 4.984714984893799
2785.624583700992 5.017729043960571
2686.582617637839 5.051751613616943
2617.8778303688055 5.084766387939453
2634.8309596949307 5.1177613735198975
2606.278320829878 5.15186882019043
2505.451814837659 5.185201644897461
2484.929605653402 5.218203783035278
2357.335000725197 5.251845359802246
2195.834137144741 5.28478741645813
2136.0520495210358 5.317912817001343
2083.4081216135946 5.351602077484131
2083.4081216135946 5.3849639892578125
2053.0709428194755 5.418977975845337
2086.9772014717264 5.4518773555755615
2103.930330797851 5.484789848327637
2103.930330797851 5.517915487289429
2079.839041755463 5.551691293716431
2060.209102535739 5.584697961807251
2083.4081216135946 5.618804216384888
2207.4336466836685 5.6525328159332275
2300.229722995091 5.687077045440674
2275.2461639881694 5.7220778465271
2309.15242264042 5.753079891204834
2379.6417498385194 5.788083076477051
2455.4846968238166 5.81908917427063
2573.26433214216 5.851091384887695
2723.165686183688 5.885094165802002
2985.4930557563625 5.919096231460571
3317.4174825626037 5.953099012374878
3941.1141877711048 5.985489130020142
4123.137260535817 6.019503116607666
4152.5821693654025 6.052317380905151
3751.0606853255963 6.08497953414917
4752.187585531517 6.1204023361206055
5231.336556485688 6.152228832244873
5405.3291995696045 6.18557596206665
5510.617055384487 6.218582391738892
5510.617055384487 6.251271963119507
5113.556921167344 6.285620212554932
3317.4174825626037 6.318626403808594
3336.155151817795 6.352943420410156
3336.155151817795 6.38566517829895
3473.564726355862 6.420626401901245
3601.159331284068 6.452356815338135
3692.1708676664243 6.485704183578491
3800.1355333749057 6.519057750701904
3927.7301383031113 6.552067041397095
4107.968671138758 6.5866148471832275
4243.59370574776 6.619100332260132
4422.939968618874 6.652724742889404
4712.927707092069 6.685793399810791
4693.297767872345 6.719139814376831
4422.939968618874 6.7521467208862305
4811.969673155221 6.784836530685425
5379.453370598149 6.818700790405273
5354.469811591227 6.851701259613037
4771.817524751241 6.885704278945923
5733.684546517713 6.919707536697388
5379.453370598149 6.9528326988220215
5457.080857512513 6.985920429229736
5431.205028541058 7.018942356109619
5354.469811591227 7.052056074142456
5763.129455347298 7.085964918136597
5431.205028541058 7.118311166763306
4979.716426487407 7.153340101242065
4182.919348159523 7.186011075973511
4243.59370574776 7.2193591594696045
4107.968671138758 7.253366708755493
4107.968671138758 7.2843146324157715
4079.416032273706 7.319323301315308
3657.3723390496407 7.35262393951416
3579.7448521352785 7.38609504699707
3657.3723390496407 7.4190990924835205
3601.159331284068 7.452115058898926
3715.36988674428 7.486138343811035
3645.772829510713 7.519488573074341
3289.7571136620836 7.552829027175903
3289.7571136620836 7.586181640625
3175.546558201872 7.619534969329834
3271.9117143714257 7.65254545211792
3245.1436154354383 7.68729305267334
3175.546558201872 7.720574378967285
3280.8344140167546 7.754594802856445
3299.5720832719458 7.786119699478149
3308.4947829172747 7.8186140060424805
3308.4947829172747 7.8526318073272705
3150.5629991949504 7.886466026306152
3085.427291784048 7.920664310455322
3069.3664324224555 7.95372200012207
3069.3664324224555 7.987242698669434
3069.3664324224555 8.019243001937866
3054.197843025396 8.053245306015015
3085.427291784048 8.085250616073608
3054.197843025396 8.119255065917969
3062.228272706193 8.152262687683105
3069.3664324224555 8.187438726425171
3054.197843025396 8.21945858001709
3038.136983663804 8.253583431243896
3022.968394266745 8.286592721939087
3022.968394266745 8.31982946395874
3030.998823947541 8.352840900421143
2985.4930557563625 8.38678526878357
3030.998823947541 8.418873071670532
2948.909987210514 8.453544616699219
2963.18630664304 8.486661911010742
2885.558819728677 8.519923210144043
2850.7602911118943 8.55292272567749
2963.18630664304 8.585936069488525
2850.7602911118943 8.620959997177124
2857.898450828157 8.65382981300354
2844.5144013601634 8.686646223068237
2850.7602911118943 8.720633506774902
2871.282500296151 8.752672672271729
2850.7602911118943 8.786580085754395
2865.0366105444205 8.820580005645752
2927.4955080617237 8.853584051132202
2891.804709480408 8.887277603149414
2978.3548960400994 8.92008924484253
2927.4955080617237 8.953636407852173
2934.6336677779873 8.986088275909424
2913.219188629197 9.022097826004028
2934.6336677779873 9.05431866645813
2956.0481469267766 9.087836265563965
2956.0481469267766 9.121179819107056
2948.909987210514 9.154651165008545
3007.7998048696854 9.187653303146362
3022.968394266745 9.221659898757935
3038.136983663804 9.25365686416626
3054.197843025396 9.28765869140625
3069.3664324224555 9.32026481628418
3085.427291784048 9.35383653640747
3101.4881511456406 9.387531518936157
3125.579440188029 9.420311212539673
3085.427291784048 9.453388452529907
3117.5490105072327 9.487487077713013
3085.427291784048 9.521352052688599
3077.3968621032523 9.555046081542969
3077.3968621032523 9.58746075630188
3085.427291784048 9.620810747146606
3093.4577214648443 9.655117988586426
3077.3968621032523 9.687119960784912
3093.4577214648443 9.721925497055054
3134.5021398333583 9.755155324935913
3150.5629991949504 9.78751277923584
3158.5934288757467 9.820149660110474
3236.2209157901093 9.855154275894165
3484.271965930257 9.88807487487793
3875.978480360203 9.921453714370728
4167.750758762463 9.958510160446167
4198.087937556582 9.987218856811523
4152.5821693654025 10.020565509796143
4107.968671138758 10.054459571838379
3941.1141877711048 10.087408304214478
3657.3723390496407 10.12060832977295
3668.9718485885687 10.154485940933228
3623.4660803973907 10.187123775482178
3623.4660803973907 10.220656633377075
3623.4660803973907 10.253621816635132
3657.3723390496407 10.287348747253418
3668.9718485885687 10.320770978927612
3645.772829510713 10.353994131088257
3668.9718485885687 10.387994527816772
3763.552464829057 10.420998096466064
3715.36988674428 10.453999996185303
3763.552464829057 10.48744010925293
3812.6273128783664 10.519785165786743
3941.1141877711048 10.55362582206726
4023.2030245081332 10.58747673034668
4050.8633934086524 10.621697902679443
4065.139712841179 10.654946327209473
4079.416032273706 10.686521291732788
4123.137260535817 10.719871044158936
4152.5821693654025 10.754214763641357
4306.944873229597 10.787881851196289
4290.884013868003 10.820921421051025
4243.59370574776 10.853936672210693
4213.256526953641 10.887606859207153
4123.137260535817 10.920953273773193
4182.919348159523 10.954440832138062
4167.750758762463 10.986788749694824
4079.416032273706 11.02199673652649
4036.5870739761262 11.053864479064941
4093.6923517062314 11.088784217834473
4107.968671138758 11.120043516159058
4065.139712841179 11.153915882110596
4065.139712841179 11.18773603439331
4152.5821693654025 11.22108507156372
4079.416032273706 11.254951238632202
4065.139712841179 11.286789655685425
4123.137260535817 11.321130752563477
4107.968671138758 11.355482816696167
4123.137260535817 11.387825727462769
4093.6923517062314 11.421175956726074
4152.5821693654025 11.454860210418701
4107.968671138758 11.48744511604309
4123.137260535817 11.519527196884155
4050.8633934086524 11.55472707748413
4123.137260535817 11.588911771774292
4050.8633934086524 11.621912956237793
4050.8633934086524 11.653916120529175
4137.4135799683445 11.686785459518433
4137.4135799683445 11.721292495727539
4050.8633934086524 11.754644870758057
4167.750758762463 11.787996530532837
4123.137260535817 11.820343494415283
4107.968671138758 11.85469365119934
4290.884013868003 11.88804841041565
4213.256526953641 11.921065330505371
4079.416032273706 11.954661130905151
4167.750758762463 11.98808479309082
4093.6923517062314 12.02143120765686
4182.919348159523 12.053778886795044
4167.750758762463 12.087635040283203
4107.968671138758 12.121143817901611
4123.137260535817 12.15396761894226
4137.4135799683445 12.18867826461792
4123.137260535817 12.221521854400635
4182.919348159523 12.254384279251099
4243.59370574776 12.287719964981079
4259.654565109353 12.325559377670288
4152.5821693654025 12.354445695877075
4213.256526953641 12.387981653213501
4107.968671138758 12.421605110168457
4259.654565109353 12.456466913223267
4152.5821693654025 12.488521337509155
4198.087937556582 12.52163815498352
4137.4135799683445 12.554626703262329
4152.5821693654025 12.587966680526733
4137.4135799683445 12.62169623374939
4198.087937556582 12.655627489089966
4123.137260535817 12.692627191543579
4079.416032273706 12.721630573272705
4182.919348159523 12.755631446838379
4198.087937556582 12.788801431655884
4107.968671138758 12.821804523468018
4243.59370574776 12.854808568954468
4123.137260535817 12.888062477111816
4182.919348159523 12.921821355819702
4456.846227271124 12.95506238937378
4243.59370574776 12.98853349685669
4290.884013868003 13.021862506866455
4123.137260535817 13.055511951446533
4023.2030245081332 13.08996844291687
4008.926705075606 13.12291169166565
4079.416032273706 13.154896020889282
4243.59370574776 13.188600778579712
4123.137260535817 13.221609354019165
3668.9718485885687 13.25429916381836
4008.926705075606 13.288648843765259
4107.968671138758 13.321991443634033
3901.854309331657 13.355342149734497
3981.266336175086 13.388631105422974
4079.416032273706 13.421591997146606
4079.416032273706 13.454877614974976
4093.6923517062314 13.488737344741821
4079.416032273706 13.522744178771973
4065.139712841179 13.555428266525269
4065.139712841179 13.589788913726807
4093.6923517062314 13.622239589691162
4065.139712841179 13.655247688293457
4023.2030245081332 13.693864345550537
4065.139712841179 13.721638202667236
4050.8633934086524 13.756514072418213
4123.137260535817 13.789289951324463
