502 502 502 500
502 502 502 500
502 501 501 500
501 502 502 500
502 502 502 500
502 502 502 500
502 502 501 500
502 502 502 500
502 502 502 500
501 502 501 500
501 502 502 500
502 502 502 500
502 502 502 500
502 502 502 500
501 502 502 500
502 502 501 500
502 502 502 500
502 502 502 500
502 502 502 500
502 502 501 500
502 502 502 500
502 502 501 500
502 502 502 500
502 501 501 500
501 502 502 500
502 502 501 500
502 501 502 500
502 502 502 500
501 502 502 500
502 502 502 500
501 501 502 500
502 502 502 500
502 502 502 500
502 502 502 500
502 502 502 500
502 502 502 500
502 502 502 500
502 502 502 500
502 502 502 500
502 502 502 500
502 501 502 500
502 501 502 500
502 502 501 500
502 502 502 500
502 501 502 500
502 502 502 500
502 501 502 500
502 502 502 500
502 502 502 500
502 502 501 500
1004 1005 1004 1000
1004 1004 1007 1000
1007 1004 1007 1000
1005 1005 1005 1000
1007 998 1003 1000
1007 1001 1005 1000
1006 1003 1003 1000
1005 1007 1001 1000
1003 1006 1001 1000
1005 1006 1007 1000
1005 1005 1007 1000
1003 1005 1005 1000
1004 1003 1001 1000
1005 1004 1007 1000
1003 1001 1005 1000
1004 1005 1004 1000
1005 1005 1006 1000
1005 1006 1006 1000
1005 1006 1006 1000
1001 1005 1003 1000
1005 1005 1004 1000
1000 1001 1001 1000
1010 1003 998 1000
1001 1000 1005 1000
1006 1005 1004 1000
1001 1000 1006 1000
1003 1004 1004 1000
1003 1007 1003 1000
1004 1005 1004 1000
1007 1006 1005 1000
1005 1005 1003 1000
1003 1005 1001 1000
1004 1004 1004 1000
1001 1007 1005 1000
1005 1005 1004 1000
1001 1004 1007 1000
1009 1005 1005 1000
1005 1005 1001 1000
1000 1003 1004 1000
1001 1003 1005 1000
1004 1000 1005 1000
1001 1004 1004 1000
1005 1003 1001 1000
1006 1006 1004 1000
1003 1005 1005 1000
1004 1005 1003 1000
1003 1007 998 1000
1004 1005 1005 1000
1001 1007 1003 1000
1007 1001 1005 1000
1511 1511 1509 1500
1509 1509 1507 1500
1511 1511 1509 1500
1505 1511 1511 1500
1507 1509 1507 1500
1509 1505 1509 1500
1507 1505 1509 1500
1513 1509 1507 1500
1509 1509 1509 1500
1511 1509 1509 1500
1507 1511 1507 1500
1507 1511 1511 1500
1507 1511 1513 1500
1511 1511 1513 1500
1507 1507 1509 1500
1507 1511 1509 1500
1513 1509 1505 1500
1513 1507 1513 1500
1507 1505 1511 1500
1511 1511 1511 1500
1505 1505 1513 1500
1511 1511 1511 1500
1511 1509 1505 1500
1509 1507 1513 1500
1503 1509 1507 1500
1505 1507 1513 1500
1507 1509 1509 1500
1513 1509 1511 1500
1507 1505 1511 1500
1513 1509 1511 1500
1511 1513 1507 1500
1505 1513 1509 1500
1509 1513 1513 1500
1509 1509 1507 1500
1509 1511 1505 1500
1511 1509 1509 1500
1509 1507 1513 1500
1509 1505 1509 1500
1507 1509 1509 1500
1507 1507 1509 1500
1507 1507 1507 1500
1507 1511 1503 1500
1505 1509 1513 1500
1511 1509 1513 1500
1509 1509 1509 1500
1507 1513 1511 1500
1511 1505 1505 1500
1507 1511 1507 1500
1509 1509 1507 1500
1509 1511 1502 1500
2026 2019 2022 2000
2016 2022 2026 2000
2019 2022 2019 2000
2019 2016 2019 2000
2016 2026 2026 2000
2019 2026 2022 2000
2029 2026 2019 2000
2022 2019 2019 2000
2022 2019 2019 2000
2026 2019 2022 2000
2029 2009 2019 2000
2019 2019 2033 2000
2012 2040 2019 2000
2019 2019 2016 2000
2026 2026 2019 2000
2022 2016 2036 2000
2022 2009 2029 2000
2016 2016 2019 2000
2016 2029 2019 2000
2022 2019 2026 2000
2022 2019 2019 2000
2012 2022 2022 2000
2016 2019 2026 2000
2019 2026 2033 2000
2019 2019 2019 2000
2019 2019 2026 2000
2026 2022 2029 2000
2022 2019 2019 2000
2019 2019 2019 2000
2009 2022 2016 2000
2019 2022 2016 2000
2019 2019 2019 2000
2019 2022 2016 2000
2019 2022 2019 2000
2022 2019 2026 2000
2022 2026 2026 2000
2019 2019 2022 2000
2016 2026 2026 2000
2019 2019 2019 2000
2019 2033 2016 2000
2022 2036 2022 2000
2019 2026 2016 2000
2012 2019 2019 2000
2026 2029 2022 2000
2019 2022 2016 2000
2019 2012 2016 2000
2026 2022 2016 2000
2022 2022 2029 2000
2019 2005 2019 2000
2016 2022 2012 2000
2525 2536 2536 2500
2525 2530 2509 2500
2509 2525 2509 2500
2530 2525 2525 2500
2536 2525 2541 2500
2525 2509 2525 2500
2530 2546 2525 2500
2541 2530 2519 2500
2530 2536 2530 2500
2541 2530 2525 2500
2525 2536 2519 2500
2530 2525 2525 2500
2536 2541 2541 2500
2530 2530 2504 2500
2519 2541 2530 2500
2530 2519 2536 2500
2530 2541 2530 2500
2509 2525 2525 2500
2519 2530 2530 2500
2525 2536 2530 2500
2541 2504 2530 2500
2525 2504 2536 2500
2525 2530 2536 2500
2536 2525 2519 2500
2525 2541 2536 2500
2546 2530 2530 2500
2546 2525 2530 2500
2519 2519 2530 2500
2519 2525 2536 2500
2525 2536 2536 2500
2519 2530 2509 2500
2509 2536 2541 2500
2530 2536 2530 2500
2541 2509 2541 2500
2536 2525 2519 2500
2546 2525 2536 2500
2541 2519 2504 2500
2536 2525 2546 2500
2536 2525 2525 2500
2525 2519 2536 2500
2541 2530 2530 2500
2519 2525 2552 2500
2509 2536 2536 2500
2525 2525 2536 2500
2530 2541 2530 2500
2530 2536 2509 2500
2519 2536 2525 2500
2525 2530 2530 2500
2546 2536 2541 2500
2525 2525 2536 2500
3041 3041 3034 3000
3041 3026 3034 3000
3026 3041 3065 3000
3034 3034 3065 3000
3065 3034 3041 3000
3041 3057 3034 3000
3081 3057 3057 3000
3034 3057 3026 3000
3081 3041 3034 3000
3034 3057 3034 3000
3041 3041 3057 3000
3018 3057 3041 3000
3057 3057 3041 3000
3041 3026 3041 3000
3057 3041 3105 3000
3057 3057 3057 3000
3057 3041 3041 3000
3041 3041 3041 3000
3026 3026 3065 3000
3041 3065 3057 3000
3081 3026 3034 3000
3057 3065 3041 3000
3057 3057 3065 3000
3065 3057 3041 3000
3041 3057 3034 3000
3034 3026 3041 3000
3041 3034 3041 3000
3057 3011 3034 3000
3065 3041 3065 3000
3041 3065 3041 3000
3041 3041 3034 3000
3081 3057 3034 3000
3057 3041 3026 3000
3065 3026 3041 3000
3057 3026 3041 3000
3041 3034 3041 3000
3081 3057 3065 3000
3065 3041 3065 3000
3057 3034 3034 3000
3026 3057 3026 3000
3057 3041 3065 3000
3041 3057 3057 3000
3026 3034 3041 3000
3034 3041 3041 3000
3065 3034 3057 3000
3034 3026 3041 3000
3034 3057 3105 3000
3057 3034 3065 3000
3057 3034 3081 3000
3057 3065 3041 3000
3560 3560 3582 3500
3571 3571 3560 3500
3539 3550 3571 3500
3593 3571 3571 3500
3550 3539 3582 3500
3550 3571 3571 3500
3571 3560 3560 3500
3571 3593 3550 3500
3571 3539 3560 3500
3518 3571 3560 3500
3539 3571 3560 3500
3560 3571 3560 3500
3560 3550 3560 3500
3571 3571 3571 3500
3550 3539 3560 3500
3539 3560 3560 3500
3560 3604 3571 3500
3560 3560 3571 3500
3571 3550 3539 3500
3560 3571 3571 3500
3560 3560 3582 3500
3550 3571 3571 3500
3571 3560 3560 3500
3560 3550 3571 3500
3571 3539 3539 3500
3593 3550 3560 3500
3582 3560 3571 3500
3539 3571 3550 3500
3571 3571 3550 3500
3560 3550 3571 3500
3529 3571 3571 3500
3571 3560 3571 3500
3560 3571 3560 3500
3560 3550 3539 3500
3571 3539 3550 3500
3571 3539 3571 3500
3571 3560 3571 3500
3560 3560 3550 3500
3571 3560 3560 3500
3560 3571 3582 3500
3550 3560 3550 3500
3593 3571 3560 3500
3560 3571 3550 3500
3593 3560 3539 3500
3560 3539 3571 3500
3571 3571 3560 3500
3560 3550 3560 3500
3582 3550 3560 3500
3550 3550 3571 3500
3571 3593 3560 3500
4059 4059 4101 4000
4073 4144 4115 4000
4059 4031 4073 4000
4073 4059 4059 4000
4073 4059 4031 4000
4101 4101 4158 4000
4059 4059 4073 4000
4101 4101 4101 4000
4158 4073 4101 4000
4115 4101 4144 4000
4115 4059 4115 4000
4144 4101 4115 4000
4059 4158 4073 4000
4144 4115 4144 4000
4101 4059 4073 4000
4018 4073 4073 4000
4115 4115 4073 4000
4073 4073 4101 4000
4144 4073 4115 4000
4059 4059 4101 4000
4115 4144 4115 4000
4101 4101 4059 4000
4073 4073 4101 4000
4059 4031 4144 4000
4031 4101 4073 4000
4101 4101 4158 4000
4031 4018 4101 4000
4059 4101 4101 4000
4059 4004 4101 4000
4073 4073 4115 4000
4059 4059 4144 4000
4101 4073 4059 4000
4115 4073 4073 4000
4073 4101 4101 4000
4073 4101 4073 4000
4144 4115 4101 4000
4144 4031 4073 4000
4059 4144 4073 4000
4144 4059 4101 4000
4101 4115 4073 4000
4073 4031 4073 4000
4073 4158 4115 4000
4115 4144 4059 4000
4101 4073 4031 4000
4115 4115 4144 4000
4059 4018 4073 4000
4059 4115 4073 4000
4059 4115 4073 4000
4101 4073 4101 4000
4115 4073 4101 4000
4609 4505 4522 4500
4574 4522 4556 4500
4574 4556 4522 4500
4574 4664 4556 4500
4574 4556 4609 4500
4627 4522 4574 4500
4627 4488 4488 4500
4664 4574 4574 4500
4574 4609 4574 4500
4556 4522 4505 4500
4574 4574 4627 4500
4574 4574 4522 4500
4574 4556 4505 4500
4522 4556 4574 4500
4522 4609 4556 4500
4664 4505 4574 4500
4556 4609 4522 4500
4556 4609 4522 4500
4556 4664 4574 4500
4609 4574 4574 4500
4574 4627 4574 4500
4522 4609 4609 4500
4609 4574 4574 4500
4556 4627 4556 4500
4574 4574 4574 4500
4609 4609 4522 4500
4627 4556 4556 4500
4574 4574 4664 4500
4574 4664 4574 4500
4609 4574 4574 4500
4574 4574 4522 4500
4664 4522 4574 4500
4664 4574 4627 4500
4574 4627 4574 4500
4609 4556 4664 4500
4488 4556 4574 4500
4627 4505 4574 4500
4627 4574 4574 4500
4627 4757 4522 4500
4574 4556 4609 4500
4609 4574 4522 4500
4574 4609 4609 4500
4522 4664 4627 4500
4522 4556 4556 4500
4556 4574 4522 4500
4574 4609 4574 4500
4505 4505 4609 4500
4556 4556 4609 4500
4627 4574 4505 4500
4556 4609 4505 4500
5193 5216 5193 5000
5148 5082 5126 5000
5262 5148 5126 5000
5262 5126 5193 5000
5193 5216 5104 5000
5126 5285 5285 5000
5285 5148 5148 5000
5148 5104 5104 5000
5216 5216 5262 5000
5148 5193 5104 5000
5285 5216 5193 5000
5216 5126 5104 5000
5104 5148 5126 5000
5126 5216 5216 5000
5193 5148 5193 5000
5148 5148 5148 5000
5148 5148 5193 5000
5285 5262 5148 5000
5126 5216 5148 5000
5148 5148 5193 5000
5104 5216 5216 5000
5148 5193 5148 5000
5262 5148 5148 5000
5216 5126 5148 5000
5216 5216 5126 5000
5104 5126 5193 5000
5104 5216 5216 5000
5193 5148 5216 5000
5104 5126 5216 5000
5216 5193 5104 5000
5126 5148 5148 5000
5262 5126 5216 5000
5126 5193 5216 5000
5193 5126 5126 5000
5148 5193 5193 5000
5216 5126 5193 5000
5216 5262 5285 5000
5285 5148 5193 5000
5193 5148 5216 5000
5148 5216 5285 5000
5126 5148 5193 5000
5216 5148 5193 5000
5148 5148 5126 5000
5216 5193 5148 5000
5216 5126 5148 5000
5104 5262 5148 5000
5193 5126 5262 5000
5193 5216 5193 5000
5193 5216 5126 5000
5126 5126 5193 5000
5663 5663 5663 5500
5690 5636 5663 5500
5609 5801 5663 5500
5717 5690 5609 5500
5663 5773 5690 5500
5663 5663 5690 5500
5717 5745 5717 5500
5663 5663 5717 5500
5609 5663 5717 5500
5717 5801 5663 5500
5717 5690 5690 5500
5690 5717 5663 5500
5690 5745 5663 5500
5531 5717 5663 5500
5773 5663 5636 5500
5583 5690 5717 5500
5690 5636 5717 5500
5773 5690 5636 5500
5690 5663 5609 5500
5690 5636 5663 5500
5690 5531 5690 5500
5663 5690 5690 5500
5690 5636 5717 5500
5690 5663 5663 5500
5745 5636 5663 5500
5663 5773 5609 5500
5773 5690 5663 5500
5609 5717 5690 5500
5636 5717 5773 5500
5663 5636 5690 5500
5717 5663 5745 5500
5690 5690 5609 5500
5663 5745 5557 5500
5717 5773 5717 5500
5690 5717 5717 5500
5663 5717 5609 5500
5690 5609 5690 5500
5690 5745 5609 5500
5690 5717 5745 5500
5663 5663 5690 5500
5663 5717 5663 5500
5717 5690 5773 5500
5745 5690 5773 5500
5663 5690 5663 5500
5717 5690 5636 5500
5717 5690 5663 5500
5609 5663 5717 5500
5717 5773 5773 5500
5690 5690 5690 5500
5690 5690 5663 5500
6498 6259 6394 6000
6292 6259 6359 6000
6259 6226 6359 6000
6259 6359 6162 6000
6463 6259 6259 6000
6394 6394 6359 6000
6226 6292 6359 6000
6292 6292 6292 6000
6259 6259 6259 6000
6394 6394 6259 6000
6359 6359 6359 6000
6259 6259 6394 6000
6226 6162 6259 6000
6226 6359 6359 6000
6162 6463 6359 6000
6463 6292 6226 6000
6259 6259 6292 6000
6259 6359 6394 6000
6359 6498 6259 6000
6259 6463 6259 6000
6463 6394 6463 6000
6259 6292 6463 6000
6359 6359 6359 6000
6292 6162 6394 6000
6162 6394 6292 6000
6259 6259 6359 6000
6359 6292 6394 6000
6394 6394 6226 6000
6394 6394 6394 6000
6394 6359 6292 6000
6292 6292 6463 6000
6394 6292 6359 6000
6394 6259 6292 6000
6259 6292 6463 6000
6259 6359 6259 6000
6394 6359 6226 6000
6226 6226 6226 6000
6359 6463 6226 6000
6226 6259 6463 6000
6359 6463 6359 6000
6359 6259 6259 6000
6359 6359 6292 6000
6534 6292 6359 6000
6259 6292 6394 6000
6359 6259 6463 6000
6359 6292 6259 6000
6359 6463 6394 6000
6259 6463 6463 6000
6259 6359 6359 6000
6130 6292 6226 6000
6834 6874 6834 6500
6914 6834 6757 6500
6681 6874 6874 6500
6757 6874 6914 6500
6834 6874 6757 6500
6874 6874 6795 6500
6834 6795 6719 6500
6834 6834 6874 6500
6795 6757 6719 6500
6719 6795 6834 6500
6834 6834 6834 6500
6914 6795 6834 6500
6834 6757 6834 6500
6757 6795 6874 6500
6874 6719 6834 6500
6795 6834 6719 6500
6834 6995 6719 6500
6834 6834 6834 6500
6719 6719 6834 6500
6995 6757 6874 6500
6834 6834 6834 6500
6914 6954 6874 6500
6757 6874 6954 6500
6719 6874 6757 6500
6834 6757 6914 6500
6874 6834 6795 6500
6795 6874 6954 6500
6681 6795 6757 6500
6914 6874 6757 6500
6834 6834 6954 6500
6757 6681 6834 6500
6834 6874 6874 6500
6834 6757 6757 6500
6834 6914 6874 6500
6874 6719 6874 6500
6834 6719 6681 6500
6834 6995 6795 6500
6874 6719 6757 6500
6874 6834 6834 6500
6795 6795 6874 6500
6795 6757 6834 6500
6719 6874 6795 6500
6757 6757 6757 6500
6834 6874 6914 6500
6757 6757 6874 6500
6874 6757 6719 6500
6874 6757 6834 6500
6795 6874 6795 6500
6757 6874 6874 6500
6834 6719 6795 6500
7341 7479 7207 7000
7386 7479 7386 7000
7527 7479 7527 7000
7341 7386 7341 7000
7386 7479 7341 7000
7386 7341 7207 7000
7341 7251 7251 7000
7479 7341 7341 7000
7574 7341 7527 7000
7341 7341 7386 7000
7386 7386 7207 7000
7341 7341 7527 7000
7479 7341 7386 7000
7341 7341 7341 7000
7341 7386 7386 7000
7479 7479 7341 7000
7386 7341 7341 7000
7672 7251 7479 7000
7479 7251 7386 7000
7479 7341 7251 7000
7207 7479 7479 7000
7341 7341 7251 7000
7527 7251 7251 7000
7479 7386 7479 7000
7386 7341 7574 7000
7251 7386 7479 7000
7341 7341 7386 7000
7386 7386 7386 7000
7341 7341 7527 7000
7386 7386 7386 7000
7479 7386 7479 7000
7386 7386 7251 7000
7251 7251 7672 7000
7386 7386 7341 7000
7251 7386 7479 7000
7341 7386 7386 7000
7341 7386 7386 7000
7386 7479 7386 7000
7527 7251 7479 7000
7341 7527 7386 7000
7386 7341 7251 7000
7207 7341 7341 7000
7251 7386 7251 7000
7386 7527 7341 7000
7251 7251 7386 7000
7386 7341 7386 7000
7251 7527 7251 7000
7479 7341 7527 7000
7207 7341 7386 7000
7341 7251 7672 7000
