502 500
502 500
502 500
502 500
501 500
501 500
502 500
502 500
502 500
501 500
502 500
502 500
502 500
502 500
502 500
502 500
501 500
502 500
502 500
502 500
502 500
502 500
502 500
502 500
502 500
502 500
502 500
502 500
502 500
502 500
502 500
502 500
502 500
502 500
501 500
502 500
502 500
501 500
502 500
502 500
502 500
502 500
502 500
502 500
503 500
502 500
502 500
502 500
502 500
502 500
1006 1000
1003 1000
1000 1000
1005 1000
1005 1000
1003 1000
1004 1000
1004 1000
1006 1000
1005 1000
1005 1000
1005 1000
1003 1000
1004 1000
1007 1000
1001 1000
1005 1000
1005 1000
1005 1000
1000 1000
1001 1000
1005 1000
1004 1000
1005 1000
1005 1000
1006 1000
1005 1000
1004 1000
1006 1000
1005 1000
1001 1000
1006 1000
1004 1000
1007 1000
1009 1000
1000 1000
1001 1000
1005 1000
1005 1000
1006 1000
1006 1000
1007 1000
1007 1000
1003 1000
1005 1000
1003 1000
1005 1000
1004 1000
1009 1000
1005 1000
1509 1500
1505 1500
1505 1500
1507 1500
1505 1500
1511 1500
1509 1500
1507 1500
1513 1500
1511 1500
1511 1500
1509 1500
1509 1500
1503 1500
1511 1500
1507 1500
1507 1500
1505 1500
1507 1500
1509 1500
1507 1500
1507 1500
1509 1500
1507 1500
1511 1500
1511 1500
1515 1500
1511 1500
1507 1500
1502 1500
1509 1500
1513 1500
1511 1500
1507 1500
1505 1500
1505 1500
1511 1500
1509 1500
1509 1500
1509 1500
1507 1500
1509 1500
1507 1500
1507 1500
1509 1500
1507 1500
1509 1500
1511 1500
1513 1500
1507 1500
2019 2000
2019 2000
2019 2000
2026 2000
2019 2000
2022 2000
2019 2000
2033 2000
2022 2000
2029 2000
2026 2000
2016 2000
2022 2000
2022 2000
2019 2000
2016 2000
2026 2000
2026 2000
2019 2000
2012 2000
2029 2000
2019 2000
2019 2000
2019 2000
2022 2000
2026 2000
2016 2000
2029 2000
2016 2000
2012 2000
2019 2000
2033 2000
2022 2000
2016 2000
2019 2000
2026 2000
2040 2000
2019 2000
2026 2000
2026 2000
2019 2000
2026 2000
2019 2000
2019 2000
2026 2000
2019 2000
2019 2000
2022 2000
2026 2000
2019 2000
2519 2500
2536 2500
2525 2500
2536 2500
2530 2500
2525 2500
2525 2500
2530 2500
2530 2500
2525 2500
2525 2500
2530 2500
2525 2500
2546 2500
2530 2500
2509 2500
2525 2500
2525 2500
2536 2500
2536 2500
2536 2500
2536 2500
2541 2500
2525 2500
2536 2500
2530 2500
2530 2500
2536 2500
2519 2500
2519 2500
2530 2500
2519 2500
2525 2500
2530 2500
2530 2500
2530 2500
2541 2500
2541 2500
2519 2500
2525 2500
2530 2500
2536 2500
2530 2500
2525 2500
2536 2500
2525 2500
2530 2500
2519 2500
2530 2500
2541 2500
3057 3000
3065 3000
3026 3000
3041 3000
3081 3000
3057 3000
3018 3000
3065 3000
3057 3000
3065 3000
3041 3000
3018 3000
3034 3000
3065 3000
3057 3000
3026 3000
3041 3000
3034 3000
3026 3000
3041 3000
3034 3000
3026 3000
3057 3000
3065 3000
3041 3000
3057 3000
3081 3000
3041 3000
3041 3000
3057 3000
3041 3000
3065 3000
3026 3000
3041 3000
3065 3000
3057 3000
3041 3000
3034 3000
3057 3000
3034 3000
3041 3000
3065 3000
3057 3000
3034 3000
3041 3000
3034 3000
3041 3000
3057 3000
3057 3000
3034 3000
3539 3500
3571 3500
3582 3500
3571 3500
3571 3500
3571 3500
3571 3500
3560 3500
3518 3500
3571 3500
3529 3500
3571 3500
3571 3500
3550 3500
3571 3500
3571 3500
3560 3500
3560 3500
3529 3500
3529 3500
3571 3500
3550 3500
3571 3500
3560 3500
3560 3500
3571 3500
3560 3500
3560 3500
3560 3500
3571 3500
3571 3500
3571 3500
3560 3500
3550 3500
3560 3500
3560 3500
3582 3500
3539 3500
3560 3500
3615 3500
3560 3500
3539 3500
3593 3500
3582 3500
3582 3500
3550 3500
3550 3500
3593 3500
3560 3500
3560 3500
4101 4000
4144 4000
4101 4000
4144 4000
4073 4000
4059 4000
4031 4000
4144 4000
4115 4000
4101 4000
4115 4000
4144 4000
4101 4000
4101 4000
4031 4000
4073 4000
4101 4000
4059 4000
4101 4000
4073 4000
4144 4000
4073 4000
4158 4000
4059 4000
4073 4000
4101 4000
4073 4000
4031 4000
4031 4000
4101 4000
4144 4000
4073 4000
4073 4000
4101 4000
4115 4000
4073 4000
4144 4000
4115 4000
4031 4000
4115 4000
4101 4000
4101 4000
4073 4000
4101 4000
4101 4000
4217 4000
4101 4000
4004 4000
4101 4000
4073 4000
4488 4500
4556 4500
4556 4500
4627 4500
4609 4500
4556 4500
4574 4500
4574 4500
4556 4500
4488 4500
4522 4500
4627 4500
4574 4500
4609 4500
4574 4500
4556 4500
4609 4500
4664 4500
4627 4500
4522 4500
4609 4500
4574 4500
4574 4500
4574 4500
4522 4500
4488 4500
4609 4500
4609 4500
4556 4500
4505 4500
4522 4500
4505 4500
4522 4500
4522 4500
4505 4500
4574 4500
4574 4500
4627 4500
4682 4500
4556 4500
4505 4500
4574 4500
4556 4500
4522 4500
4574 4500
4609 4500
4609 4500
4556 4500
4574 4500
4522 4500
5262 5000
5148 5000
5148 5000
5357 5000
5148 5000
5216 5000
5193 5000
5216 5000
5216 5000
5126 5000
5262 5000
5193 5000
5193 5000
5193 5000
5148 5000
5148 5000
5126 5000
5193 5000
5216 5000
5126 5000
5193 5000
5262 5000
5216 5000
5193 5000
5216 5000
5193 5000
5148 5000
5126 5000
5126 5000
5104 5000
5193 5000
5104 5000
5126 5000
5148 5000
5216 5000
5148 5000
5148 5000
5216 5000
5216 5000
5262 5000
5193 5000
5285 5000
5216 5000
5216 5000
5193 5000
5193 5000
5126 5000
5104 5000
5148 5000
5104 5000
5717 5500
5690 5500
5663 5500
5717 5500
5717 5500
5690 5500
5690 5500
5745 5500
5717 5500
5663 5500
5663 5500
5745 5500
5745 5500
5773 5500
5636 5500
5717 5500
5717 5500
5663 5500
5663 5500
5717 5500
5636 5500
5663 5500
5663 5500
5690 5500
5663 5500
5690 5500
5636 5500
5609 5500
5801 5500
5690 5500
5663 5500
5636 5500
5609 5500
5717 5500
5663 5500
5690 5500
5663 5500
5663 5500
5690 5500
5663 5500
5583 5500
5745 5500
5663 5500
5717 5500
5663 5500
5690 5500
5609 5500
5717 5500
5663 5500
5690 5500
6259 6000
6394 6000
6292 6000
6162 6000
6292 6000
6463 6000
6463 6000
6292 6000
6226 6000
6292 6000
6226 6000
6463 6000
6359 6000
6292 6000
6259 6000
6463 6000
6394 6000
6259 6000
6259 6000
6359 6000
6259 6000
6292 6000
6463 6000
6292 6000
6394 6000
6162 6000
6292 6000
6394 6000
6359 6000
6226 6000
6534 6000
6394 6000
6226 6000
6498 6000
6292 6000
6130 6000
6259 6000
6359 6000
6359 6000
6359 6000
6498 6000
6226 6000
6162 6000
6359 6000
6292 6000
6226 6000
6226 6000
6292 6000
6394 6000
6292 6000
6834 6500
6757 6500
6834 6500
6874 6500
6757 6500
6757 6500
6757 6500
6874 6500
6834 6500
6757 6500
6834 6500
6757 6500
6757 6500
6834 6500
6795 6500
6757 6500
6874 6500
6834 6500
6719 6500
6874 6500
6795 6500
6834 6500
6834 6500
6834 6500
6757 6500
6757 6500
6954 6500
6874 6500
6795 6500
6757 6500
6834 6500
6874 6500
6834 6500
6874 6500
6834 6500
6719 6500
6874 6500
6757 6500
6757 6500
6834 6500
6795 6500
6795 6500
6795 6500
6834 6500
6834 6500
6834 6500
6834 6500
6834 6500
6954 6500
6834 6500
7386 7000
7479 7000
7574 7000
7341 7000
7386 7000
7386 7000
7341 7000
7386 7000
7386 7000
7386 7000
7207 7000
7386 7000
7527 7000
7341 7000
7527 7000
7341 7000
7386 7000
7479 7000
7386 7000
7386 7000
7341 7000
7386 7000
7386 7000
7251 7000
7207 7000
7386 7000
7386 7000
7341 7000
7341 7000
7479 7000
7251 7000
7251 7000
7479 7000
7386 7000
7341 7000
7251 7000
7341 7000
7386 7000
7479 7000
7386 7000
7386 7000
7251 7000
7479 7000
7251 7000
7479 7000
7341 7000
7251 7000
7386 7000
7251 7000
7479 7000
