0.05006575584411621 0.05006122589111328 1
0.08901858329772949 0.038907766342163086 2
0.12320780754089355 0.03415250778198242 3
0.16153764724731445 0.03829169273376465 4
0.1956779956817627 0.03410458564758301 5
0.2340703010559082 0.03835606575012207 6
0.2682199478149414 0.03411364555358887 7
0.3065009117126465 0.03824353218078613 8
0.3407018184661865 0.0341644287109375 9
0.37942004203796387 0.03868246078491211 10
0.4135715961456299 0.03411674499511719 11
0.4521830081939697 0.03857421875 12
0.4861738681793213 0.03395485877990723 13
0.5265710353851318 0.04036116600036621 14
0.5608198642730713 0.034210920333862305 15
0.5990633964538574 0.038207054138183594 16
0.6332297325134277 0.03412961959838867 17
0.6714050769805908 0.03813791275024414 18
0.7057633399963379 0.034322261810302734 19
0.744351863861084 0.038550615310668945 20
0.7786684036254883 0.03428030014038086 21
0.8172051906585693 0.03850150108337402 22
0.8521161079406738 0.03487515449523926 23
0.8903417587280273 0.03818702697753906 24
0.9246852397918701 0.034308433532714844 25
0.9628050327301025 0.03808450698852539 26
0.9968230724334717 0.033982038497924805 27
1.035231113433838 0.03837132453918457 28
1.069638729095459 0.03436422348022461 29
1.1080741882324219 0.03839898109436035 30
